40.2259767299
45.7507143934
46.5388334411
47.7141901209
45.4161564349
41.4065654438
45.2116028562
41.3522367026
43.9080742158
40.3873048117
39.3564585419
44.3386285397
40.5181378759
41.6676969486
43.7244142564
42.3349460495
45.5385149672
40.9569994454
45.1633914589
41.6375352216
42.9909749
50.1045724884
46.060551548
40.6118359
45.5884634769
44.1450960503
44.6012349873
45.3056202194
40.5796064293
41.9270968479
40.779127973
42.2612956645
43.1415312328
45.6711146216
39.1928747974
39.6247685539
46.0773005362
47.8329093248
41.8402023902
42.7330591126
41.1163733533
44.2298233918
46.3714292554
47.7017713631
44.1107895996
46.980459544
42.8723051816
42.9602381848
47.2217084079
46.2117425603
43.8532640169
46.1906406815
47.7946360027
46.3528862256
46.2895671525
47.0226084543
47.7458601525
42.8327075371
44.1814215652
39.3513056797
43.1758040241
44.6514206529
42.6980688918
42.5258680629
42.3342395867
43.5090828394
41.0184891492
47.596107155
37.7398175841
42.9735174893
41.354534808
43.8031117231
39.6567451751
38.1944918181
37.6120514309
39.5599706491
36.4471655946
41.233455542
36.2291840787
38.7099259806
33.8722514909
36.7625422536
38.9863948144
39.151961329
39.093184632
37.3570604847
39.1807803044
38.0846036785
31.1492323275
30.7420033268
34.8648981956
38.6748988131
33.0071710232
34.1684319244
36.5964567658
35.5470836507
35.015299174
32.8993197771
32.3609803903
40.0199402954
37.6113063938
36.8557607622
34.7197423345
38.398375126
35.3601958981
34.4077866634
32.6376644937
35.7422818763
34.1861394404
30.4460131627
30.3973232607
26.7290606243
27.2367266524
23.2250113405
23.0210389328
16.2748903936
17.4299935367
16.8378754578
17.2784047951
17.7762265246
16.262463572
16.116720073
17.8986515799
17.141240151
15.569539408
15.4743437798
12.8933733086
11.7943308855
12.2825813225
13.1855601226
11.5078440454
12.26699159
9.28599367625
10.2550523955
