47.6
49.6
47.2
47.4
50.4
46.2
53.0
49.0
49.8
54.8
53.0
51.0
46.6
50.0
51.8
53.2
50.2
55.2
48.8
55.6
51.0
52.4
52.8
53.0
47.6
48.6
51.6
46.2
50.2
55.0
52.2
50.2
52.8
52.2
54.6
53.2
52.2
54.8
59.2
53.6
52.6
49.0
50.2
51.6
55.4
49.8
53.0
53.8
50.8
50.6
54.4
53.4
49.0
50.2
48.8
52.6
50.6
51.8
55.6
53.6
52.0
49.2
54.6
51.6
48.0
49.6
46.6
49.2
58.0
49.2
53.6
54.4
51.8
52.2
52.8
54.4
53.6
47.8
55.8
51.6
50.8
51.6
50.0
52.0
52.8
51.4
48.2
55.6
47.4
38.0
49.6
45.8
51.8
53.8
50.6
54.2
53.0
51.2
48.4
53.8
54.6
47.2
51.8
55.6
52.0
50.4
52.2
51.0
49.6
56.4
50.8
48.6
48.4
44.4
44.6
44.8
48.4
45.0
51.0
48.0
53.0
55.6
49.2
51.2
49.4
48.4
49.0
47.4
50.2
44.8
52.6
46.6
49.4
50.2
