52.4
50.4
52.8
52.6
49.6
53.8
47.0
51.0
50.2
45.2
47.0
49.0
53.4
50.0
48.2
46.8
49.8
44.8
51.2
44.4
49.0
47.6
47.2
47.0
52.4
51.4
48.4
53.8
49.8
45.0
47.8
49.8
47.2
47.8
45.4
46.8
47.8
45.2
40.8
46.4
47.4
51.0
49.8
48.4
44.6
50.2
47.0
46.2
49.2
49.4
45.6
46.6
51.0
49.8
51.2
47.4
49.4
48.2
44.4
46.4
48.0
50.8
45.4
48.4
52.0
50.4
53.4
50.8
42.0
50.8
46.4
45.6
48.2
47.8
47.2
45.6
46.4
52.2
44.2
48.4
49.2
48.4
50.0
48.0
47.2
48.6
51.8
44.4
52.6
62.0
50.4
54.2
48.2
46.2
49.4
45.8
47.0
48.8
51.6
46.2
45.4
52.8
48.2
44.4
48.0
49.6
47.8
49.0
50.4
43.6
49.2
51.4
51.6
55.6
55.4
55.2
51.6
55.0
49.0
52.0
47.0
44.4
50.8
48.8
50.6
51.6
51.0
52.6
49.8
55.2
47.4
53.4
50.6
49.8
