32.9649668772
38.3268124767
39.4539474374
40.9718486144
35.9206887322
36.0838520793
37.8415182789
37.1422138899
33.6040931515
34.9396474145
31.1815678726
32.9703393073
31.8335222185
33.3022356776
27.3554308982
29.7878076082
30.4885232618
26.8686089047
29.4676295476
27.2213090016
22.8696403515
24.9869462334
21.2432356112
21.0372850305
22.8011937482
24.4663071248
23.2795439348
20.8685831775
20.3407671394
19.1632431416
15.5748554393
12.7495305692
10.3985426584
9.13709774253
7.87434374521
5.45167016536
8.95078771028
8.70422789449
6.55752576638
4.53514502326
5.53414026432
5.64450400124
7.78649267028
4.59593122731
4.83596910536
3.90816139021
4.49893341854
6.8954452727
3.27519056924
