57.1675302245
59.585492228
55.9585492228
52.8497409326
55.6131260794
54.4041450777
57.5129533679
55.0949913644
54.4041450777
59.585492228
56.9948186528
57.3402417962
54.231433506
57.5129533679
55.7858376511
58.3765112263
53.5405872193
58.0310880829
57.3402417962
56.3039723661
54.7495682211
54.7495682211
59.9309153713
53.8860103627
57.6856649396
59.9309153713
59.067357513
59.067357513
59.067357513
52.3316062176
56.9948186528
57.1675302245
53.5405872193
54.7495682211
57.8583765112
58.2037996546
57.3402417962
55.2677029361
57.6856649396
56.1312607945
55.4404145078
58.0310880829
59.2400690846
54.5768566494
54.5768566494
58.3765112263
57.1675302245
60.2763385147
53.0224525043
