42.8324697755
40.414507772
44.0414507772
47.1502590674
44.3868739206
45.5958549223
42.4870466321
44.9050086356
45.5958549223
40.414507772
43.0051813472
42.6597582038
45.768566494
42.4870466321
44.2141623489
41.6234887737
46.4594127807
41.9689119171
42.6597582038
43.6960276339
45.2504317789
45.2504317789
40.0690846287
46.1139896373
42.3143350604
40.0690846287
40.932642487
40.932642487
40.932642487
47.6683937824
43.0051813472
42.8324697755
46.4594127807
45.2504317789
42.1416234888
41.7962003454
42.6597582038
44.7322970639
42.3143350604
43.8687392055
44.5595854922
41.9689119171
40.7599309154
45.4231433506
45.4231433506
41.6234887737
42.8324697755
39.7236614853
46.9775474957
