34.5283295979
36.8136704447
39.2592834765
36.6261034617
36.8198073792
35.9292691197
35.6480980098
33.2978644068
31.9201610172
31.5655786821
29.7903657475
26.6646461455
25.0620947029
22.0737693376
21.028543908
19.3141510609
18.2566177622
16.5534502815
14.3446664579
10.4985207088
6.35922897709
6.16866313885
6.83329359873
5.74931267947
4.19784865249
3.6394158451
3.61882796364
4.11282345658
3.27866880634
4.70022961597
3.40004202776
3.67873365903
4.10132043607
4.87204976806
4.36578507389
3.15073257468
3.94115068823
2.35286088747
3.38304830919
4.35573639232
4.09285815441
4.98238353972
5.03660550461
4.0297909816
4.49535348404
3.30137905526
4.03592595964
3.34590144192
4.08851367168
3.59013619001
2.88181425607
4.89321212738
3.34785120314
4.69628929396
3.205209546
2.39735153522
3.25486221534
2.12856763923
3.25049188131
3.26525234318
3.55757926533
4.36649124211
3.1388633821
4.09676777935
1.92976297399
3.11266374641
3.86710557195
4.33377925084
4.04819487624
4.33460327275
2.44923875964
3.15055634456
4.57004985591
2.54747979522
3.02408423712
4.02291917777
2.81447666576
2.58077292457
2.42969081929
3.47511611884
1.9808097444
3.20978405764
2.93396253411
2.79962160432
3.15495697599
3.24767678435
2.2710770278
2.46826395015
2.79456900359
2.7464713679
3.41352013845
2.55809939539
1.61588946164
2.20341796591
3.89599112487
2.31511911473
3.20139316908
2.725438578
2.76099429273
2.31560009814
2.33245718277
2.24921069716
2.63508925983
2.70544327066
3.0058032724
3.16232273536
2.69912963716
2.32720642597
2.18127235592
2.77551352918
1.98411240586
2.37901691529
1.91067869261
2.64236183517
2.76817075623
2.14126701195
2.86034796902
2.89288277854
2.87773010271
1.52014275702
3.15305915996
2.86877809887
2.93065884256
2.72185260517
1.74649742076
3.08131269981
2.9187425032
1.96566953207
2.15435387761
2.44780349567
1.48588473314
2.56929997928
2.06128276223
2.81451079262
1.46258945801
2.34863380907
2.74182825847
2.28114332524
2.23284894865
2.69992936724
1.95144573605
2.82550969973
14.4250071505
6.03229861888
7.64519656995
5.92909137805
5.50701869648
3.36513824147
3.30832345575
2.76339599737
10.3606625266
2.9255079108
3.14520838232
3.65190457634
2.87036190707
2.31189021598
2.08476482464
2.42094744803
1.97922196986
2.1850190866
1.87268248324
2.4122094474
2.27015392812
2.61321108785
1.51835651092
2.33205078145
2.19036963823
2.19988888891
2.53448250211
1.83243653893
1.97215406519
1.57882723362
1.65766080614
1.80770044795
1.37042427246
1.97626640267
2.61969233416
2.07045748175
2.22686298668
2.17388667379
1.93718208834
2.03251901317
8.19064597287
1.97454476337
2.50139686113
2.14256310033
1.51704452222
2.14973533618
0.819098956763
3.05166947777
1.94263435241
2.46711300379
2.35144939701
2.32915835454
2.24537066528
1.97016127027
1.56520547188
1.33043311617
2.25405709166
2.44385005177
1.39084424509
1.61029331782
1.65056079188
1.6136993275
2.34708088566
2.34078754167
1.92135540429
1.81397320036
1.57951632826
1.49826432025
1.47651562704
1.74225848058
1.48653960374
1.46396646298
1.91437023585
1.54163592828
1.78996520568
2.04452994287
1.26487643485
1.80512860736
1.23041474274
1.25225824657
1.33152431877
1.42981059457
1.37312164713
1.204252107
1.86956499741
1.1433206365
1.70609246904
1.63079208735
1.48411507233
1.32396025698
1.83052395785
1.98735294121
1.21522678148
1.50342299433
1.24770868966
1.35481914778
1.8364224082
1.50329014033
0.923382915249
2.05409124435
1.18651365901
1.50578582054
1.33131129866
1.31983145378
1.68023511632
1.04135564152
1.25228121565
3.07126229187
4.66345998805
2.82683930798
2.77258467902
2.72436671805
1.83916605767
2.74992483731
2.41597980617
1.97045014073
1.82482095136
1.84032477787
1.32711399317
1.83172836855
1.665506753
1.46204023638
1.61770379161
1.78245378603
1.1310272584
2.32878194538
1.39138483207
2.0454890518
1.60272799555
2.03304150686
1.763489535
1.83288115603
1.76195942701
1.58367887668
1.44368640728
1.48724781442
1.62710158366
1.93380789735
1.98170309005
1.56943632293
1.55172095965
1.37682975157
2.51985764527
1.24889455225
2.14680637278
2.72814309981
2.14404365516
1.16238122356
1.88949383405
1.62711747504
1.31338752796
1.14844330212
1.38812570437
1.84708744318
1.67588180565
1.60210584264
1.36958920185
1.4673802591
1.43721190866
1.8545163869
1.36029863439
1.18168107036
1.56358464924
1.90328677516
1.14746080677
