57.1675302245
57.5129533679
54.5768566494
57.6856649396
58.8946459413
57.1675302245
54.4041450777
56.3039723661
54.5768566494
56.8221070812
54.7495682211
57.6856649396
53.195164076
55.4404145078
52.677029361
55.9585492228
60.103626943
57.5129533679
57.8583765112
54.5768566494
54.9222797927
57.1675302245
55.6131260794
58.2037996546
57.1675302245
55.9585492228
56.9948186528
58.5492227979
56.4766839378
55.9585492228
55.9585492228
55.4404145078
53.8860103627
56.1312607945
58.3765112263
50.4317789292
56.3039723661
46.9775474957
58.7219343696
56.4766839378
57.6856649396
58.0310880829
57.3402417962
59.585492228
56.8221070812
55.6131260794
52.677029361
53.3678756477
57.8583765112
54.5768566494
59.067357513
59.4127806563
48.7046632124
62.5215889465
58.3765112263
54.231433506
56.1312607945
55.7858376511
56.4766839378
55.4404145078
58.7219343696
57.5129533679
55.0949913644
56.4766839378
56.9948186528
60.7944732297
56.8221070812
54.231433506
53.3678756477
55.4404145078
53.8860103627
58.3765112263
59.067357513
54.9222797927
56.9948186528
53.8860103627
55.4404145078
58.3765112263
56.6493955095
57.1675302245
55.2677029361
55.4404145078
53.8860103627
51.9861830743
56.8221070812
49.3955094991
56.4766839378
52.8497409326
53.195164076
58.5492227979
59.9309153713
57.5129533679
53.5405872193
59.2400690846
56.1312607945
54.7495682211
59.585492228
52.1588946459
60.4490500864
58.0310880829
53.5405872193
54.9222797927
57.8583765112
55.4404145078
54.9222797927
56.6493955095
56.1312607945
58.2037996546
55.0949913644
51.8134715026
54.0587219344
57.5129533679
57.1675302245
56.9948186528
54.7495682211
60.621761658
59.067357513
54.9222797927
52.8497409326
59.585492228
59.7582037997
54.231433506
54.4041450777
49.3955094991
56.6493955095
57.6856649396
54.0587219344
55.2677029361
56.3039723661
58.0310880829
55.9585492228
57.6856649396
54.9222797927
53.195164076
45.5958549223
59.7582037997
62.5215889465
55.0949913644
60.4490500864
44.2141623489
43.1778929188
63.2124352332
53.8860103627
40.414507772
64.2487046632
60.7944732297
57.1675302245
58.0310880829
56.9948186528
53.3678756477
55.6131260794
57.8583765112
56.6493955095
55.0949913644
49.7409326425
54.0587219344
47.6683937824
58.8946459413
41.9689119171
56.6493955095
53.5405872193
57.8583765112
92.2279792746
67.3575129534
48.0138169257
57.8583765112
56.6493955095
57.6856649396
36.7875647668
69.7754749568
56.3039723661
62.6943005181
53.713298791
55.2677029361
58.2037996546
55.2677029361
55.2677029361
51.1226252159
52.1588946459
60.7944732297
55.0949913644
55.4404145078
60.621761658
46.286701209
53.5405872193
54.0587219344
47.4956822107
50.9499136442
56.1312607945
58.2037996546
53.3678756477
63.0397236615
50.4317789292
52.5043177893
56.1312607945
63.9032815199
55.6131260794
61.3126079447
60.103626943
55.2677029361
55.9585492228
50.9499136442
61.3126079447
56.3039723661
56.9948186528
61.6580310881
59.7582037997
55.6131260794
68.3937823834
58.2037996546
58.5492227979
57.1675302245
58.7219343696
56.1312607945
58.2037996546
54.4041450777
52.1588946459
54.7495682211
53.8860103627
58.7219343696
55.0949913644
55.0949913644
59.585492228
52.5043177893
56.6493955095
57.1675302245
54.5768566494
55.9585492228
49.9136442142
61.3126079447
56.3039723661
58.7219343696
56.4766839378
58.7219343696
53.713298791
56.3039723661
58.8946459413
56.3039723661
59.585492228
54.7495682211
54.5768566494
53.0224525043
49.0500863558
59.9309153713
46.804835924
53.8860103627
55.4404145078
44.9050086356
59.9309153713
38.5146804836
27.8065630397
64.7668393782
62.6943005181
54.7495682211
35.4058721934
77.0293609672
66.3212435233
72.0207253886
53.5405872193
54.7495682211
44.9050086356
47.4956822107
47.6683937824
62.6943005181
49.9136442142
54.9222797927
54.5768566494
58.2037996546
56.1312607945
58.5492227979
56.8221070812
61.4853195164
57.1675302245
54.4041450777
56.4766839378
57.1675302245
59.067357513
57.8583765112
56.9948186528
56.3039723661
56.4766839378
55.6131260794
61.1398963731
55.7858376511
60.2763385147
49.3955094991
59.067357513
35.4058721934
65.2849740933
64.2487046632
63.9032815199
55.6131260794
57.5129533679
66.3212435233
57.8583765112
57.6856649396
56.1312607945
54.7495682211
46.804835924
56.3039723661
56.1312607945
61.1398963731
46.9775474957
62.0034542314
55.7858376511
60.7944732297
58.2037996546
