42.8324697755
42.4870466321
45.4231433506
42.3143350604
41.1053540587
42.8324697755
45.5958549223
43.6960276339
45.4231433506
43.1778929188
45.2504317789
42.3143350604
46.804835924
44.5595854922
47.322970639
44.0414507772
39.896373057
42.4870466321
42.1416234888
45.4231433506
45.0777202073
42.8324697755
44.3868739206
41.7962003454
42.8324697755
44.0414507772
43.0051813472
41.4507772021
43.5233160622
44.0414507772
44.0414507772
44.5595854922
46.1139896373
43.8687392055
41.6234887737
49.5682210708
43.6960276339
53.0224525043
41.2780656304
43.5233160622
42.3143350604
41.9689119171
42.6597582038
40.414507772
43.1778929188
44.3868739206
47.322970639
46.6321243523
42.1416234888
45.4231433506
40.932642487
40.5872193437
51.2953367876
37.4784110535
41.6234887737
45.768566494
43.8687392055
44.2141623489
43.5233160622
44.5595854922
41.2780656304
42.4870466321
44.9050086356
43.5233160622
43.0051813472
39.2055267703
43.1778929188
45.768566494
46.6321243523
44.5595854922
46.1139896373
41.6234887737
40.932642487
45.0777202073
43.0051813472
46.1139896373
44.5595854922
41.6234887737
43.3506044905
42.8324697755
44.7322970639
44.5595854922
46.1139896373
48.0138169257
43.1778929188
50.6044905009
43.5233160622
47.1502590674
46.804835924
41.4507772021
40.0690846287
42.4870466321
46.4594127807
40.7599309154
43.8687392055
45.2504317789
40.414507772
47.8411053541
39.5509499136
41.9689119171
46.4594127807
45.0777202073
42.1416234888
44.5595854922
45.0777202073
43.3506044905
43.8687392055
41.7962003454
44.9050086356
48.1865284974
45.9412780656
42.4870466321
42.8324697755
43.0051813472
45.2504317789
39.378238342
40.932642487
45.0777202073
47.1502590674
40.414507772
40.2417962003
45.768566494
45.5958549223
50.6044905009
43.3506044905
42.3143350604
45.9412780656
44.7322970639
43.6960276339
41.9689119171
44.0414507772
42.3143350604
45.0777202073
46.804835924
54.4041450777
40.2417962003
37.4784110535
44.9050086356
39.5509499136
55.7858376511
56.8221070812
36.7875647668
46.1139896373
59.585492228
35.7512953368
39.2055267703
42.8324697755
41.9689119171
43.0051813472
46.6321243523
44.3868739206
42.1416234888
43.3506044905
44.9050086356
50.2590673575
45.9412780656
52.3316062176
41.1053540587
58.0310880829
43.3506044905
46.4594127807
42.1416234888
7.77202072539
32.6424870466
51.9861830743
42.1416234888
43.3506044905
42.3143350604
63.2124352332
30.2245250432
43.6960276339
37.3056994819
46.286701209
44.7322970639
41.7962003454
44.7322970639
44.7322970639
48.8773747841
47.8411053541
39.2055267703
44.9050086356
44.5595854922
39.378238342
53.713298791
46.4594127807
45.9412780656
52.5043177893
49.0500863558
43.8687392055
41.7962003454
46.6321243523
36.9602763385
49.5682210708
47.4956822107
43.8687392055
36.0967184801
44.3868739206
38.6873920553
39.896373057
44.7322970639
44.0414507772
49.0500863558
38.6873920553
43.6960276339
43.0051813472
38.3419689119
40.2417962003
44.3868739206
31.6062176166
41.7962003454
41.4507772021
42.8324697755
41.2780656304
43.8687392055
41.7962003454
45.5958549223
47.8411053541
45.2504317789
46.1139896373
41.2780656304
44.9050086356
44.9050086356
40.414507772
47.4956822107
43.3506044905
42.8324697755
45.4231433506
44.0414507772
50.0863557858
38.6873920553
43.6960276339
41.2780656304
43.5233160622
41.2780656304
46.286701209
43.6960276339
41.1053540587
43.6960276339
40.414507772
45.2504317789
45.4231433506
46.9775474957
50.9499136442
40.0690846287
53.195164076
46.1139896373
44.5595854922
55.0949913644
40.0690846287
61.4853195164
72.1934369603
35.2331606218
37.3056994819
45.2504317789
64.5941278066
22.9706390328
33.6787564767
27.9792746114
46.4594127807
45.2504317789
55.0949913644
52.5043177893
52.3316062176
37.3056994819
50.0863557858
45.0777202073
45.4231433506
41.7962003454
43.8687392055
41.4507772021
43.1778929188
38.5146804836
42.8324697755
45.5958549223
43.5233160622
42.8324697755
40.932642487
42.1416234888
43.0051813472
43.6960276339
43.5233160622
44.3868739206
38.8601036269
44.2141623489
39.7236614853
50.6044905009
40.932642487
64.5941278066
34.7150259067
35.7512953368
36.0967184801
44.3868739206
42.4870466321
33.6787564767
42.1416234888
42.3143350604
43.8687392055
45.2504317789
53.195164076
43.6960276339
43.8687392055
38.8601036269
53.0224525043
37.9965457686
44.2141623489
39.2055267703
41.7962003454
