18.8803174061
21.5334801515
19.9152953348
18.960559726
16.3664949225
20.2742621059
16.7424191107
17.761531149
17.5225538588
17.9293492936
16.4884179016
16.8755709479
14.5655190567
14.52550453
14.9082205092
13.7105750427
14.33975354
12.9025406229
13.6059013982
13.2870446564
11.8939439272
14.5650469457
15.655782457
16.1135551336
14.0801398302
14.1537624024
13.4556817043
14.2056320071
11.8796009133
14.3594391286
13.7572955566
13.5977149466
11.8491189736
13.3545556472
14.2102791966
10.9858882462
11.3022098776
11.4328228323
14.7360895566
10.7455090012
10.6625789064
12.7049547089
11.7074053651
12.0747777186
11.5217394789
8.14500317225
11.1556002865
10.5831623135
9.14663006843
11.5275404195
9.33171084038
12.0622906281
11.0098464693
10.7031257697
10.4706996308
12.1125406584
8.60864363951
6.65834877553
9.40503186573
6.72554693188
6.95895326119
10.0074341725
9.98519742157
10.222506782
6.27775918586
7.9551418771
7.71779093186
7.99172890574
8.61884634258
9.01149631371
6.46959011519
8.12295462208
5.07321152695
5.76928846149
4.49125263582
4.14226338893
3.31430034209
9.42403172539
7.25480540707
6.03220831941
6.12282081621
2.419484227
8.64840488472
6.62681749587
4.52176839527
2.79803444338
7.28967319079
3.61852863934
4.08691047921
16.2327829301
13.2615578779
19.4850865139
9.6735979753
9.82559552589
12.5895873043
9.7087762082
10.3749840794
8.91854502082
10.3258017346
11.658124164
16.5796205406
6.07902750245
10.4772447321
7.5445566577
7.91205172003
6.93340556867
4.65647564295
13.1661894972
8.95918748598
5.50521695751
6.45093536396
5.57872137834
7.90028969009
4.84621245534
2.02292224126
2.21177774333
4.07327734775
4.49067280527
2.1887576862
3.27012822937
3.03799839847
2.6807918261
6.72523484531
4.68549188345
2.66182274342
0.99357982629
2.48445131353
3.44130613768
2.83511569061
8.28783377738
2.81802893958
3.19200168931
4.16911638411
3.48138958991
4.37357538551
2.06970567985
4.33843154158
2.86744036563
6.69906167194
1.73550986012
8.49234436234
4.29173069805
5.07024670971
3.8345287798
3.56418321407
6.67181477811
3.88069468499
2.94973703492
3.73160087733
4.15241052868
5.38735570706
2.509912214
2.05039784348
2.34595411411
1.08169733446
2.04438654619
4.79828517884
5.73990902479
1.76253878375
3.49455267039
1.45983715852
5.17196269191
3.55345532001
2.79793979295
8.01756994869
2.69508748683
6.85548972343
2.8574726554
2.38495028021
2.45372557366
4.96654600705
2.70983422293
1.81995809552
2.9290159416
3.39401171347
3.56110462989
2.69421450136
3.84719863277
2.60625394018
4.5332001747
5.81305854261
3.16444402385
2.30054659009
2.46074834541
2.8739127747
3.83129879961
3.05972472186
4.34808827073
1.94233390934
9.12466487285
2.91544416724
4.98093305635
2.25740877636
5.5659620862
3.18005007223
4.94580075564
5.1598111358
2.82021059695
4.48975260404
3.05129584724
2.33016705419
1.19584824307
2.68631999108
1.29674465253
1.99684325414
3.66182896495
1.34498593737
1.08749383852
1.72343103688
1.84469813125
1.4693471762
0.496688191058
1.73016474132
5.10219107365
1.8122589092
1.65867502533
10.788180327
12.0315953656
14.1368817113
5.43514348667
6.43054487718
9.61822435617
8.48459801834
3.0626855259
6.41513329934
4.70483282362
9.94102137985
10.4722442267
3.58236396651
7.49443500076
6.45321864494
3.11254431783
2.09239005451
2.49278436609
4.99611242856
4.11352797834
2.15119469572
1.78968805724
2.85581119209
1.55531030288
2.98558402515
1.43178951046
1.57670519055
0.904488475807
2.10992825911
0.706130835691
0.714811005506
1.60563001735
0.769375531993
1.72573301821
2.91114905945
0.965067620824
0.573039760412
0.716365891513
3.92044002031
3.37620953812
2.20222921231
1.90569436739
2.58469208973
2.41621452492
1.07302694878
0.68739460541
2.50803806729
4.77376934106
2.10347882182
8.1055718007
3.75608872216
11.5101150243
4.69391393808
3.75178497843
7.93999214622
3.604943056
3.71326594657
2.3905384694
6.40422714445
10.303013158
6.82852206695
6.14806754772
0.873137041236
1.89853003065
2.3842718441
1.87063013113
4.74824873284
1.63068140106
9.0229726603
0.861967839784
1.72767698215
4.78749726132
6.06292088314
6.85434537615
0.92514290904
13.8422526238
6.39626436995
5.62771555653
5.76806519644
4.54704380309
1.62458662045
8.66746816955
4.66168069103
1.77619183257
7.21014535874
5.2125451298
1.57124547764
5.94770442827
2.92873061644
1.37154729043
4.99565679101
6.30456063333
4.81626651898
3.50155946752
5.76574373232
1.86134686375
6.16716206416
4.94604156774
4.31319521469
4.09479922041
6.27211510152
5.61544674269
6.0783279212
2.5288330419
3.55792288743
5.21617136787
5.32417320968
1.45265632624
7.31738083776
5.03302823656
5.54078846113
4.18848361327
5.33352637788
3.83676248291
2.90285751557
6.84235216219
3.62149015648
2.26477515312
5.30686751838
5.13614280216
3.69760029636
5.90221118682
7.78749033857
1.04325807425
7.7915305316
5.27982976335
9.27089371919
2.09568696457
8.19342576116
2.46992724628
6.65099493744
1.10960646671
5.28356544991
3.64872256882
5.50184081591
3.33648654452
2.28543003429
4.5787443017
3.29811681218
1.4170752108
6.64066354118
1.22196351165
3.68957190169
4.47236205769
3.19341320061
4.00440137055
0.712425615955
3.71923790067
3.56415118273
4.31844999187
3.93843970702
16.4796948753
9.33081357353
7.90791301154
4.01286996544
3.87477787791
7.39115323015
6.69559669877
3.31975615748
5.59374751273
2.77988116264
10.9884488726
8.98420611679
2.50406448221
11.5274962475
6.03830168054
4.25523291906
3.21732284338
3.44434630319
8.00005488013
3.33930228052
3.37411921291
2.0842399613
2.41443974443
1.92933934228
6.70605395189
0.972114244706
6.80134496491
0.678123505308
6.49218796477
0.634545902377
1.15790335455
4.67844333548
1.73533183835
5.55368253808
2.04136037076
0.92832613969
1.18001789639
0.765748732976
4.00989309887
3.4877403467
0.828476314931
2.04313908827
1.11887017333
5.32578594762
0.595160961413
0.871242412014
0.940312181341
4.90859082165
2.10860878144
13.7676837541
3.47746399888
7.00099499626
1.9584739024
2.74609982987
5.37133874628
2.70967812124
3.79090304477
1.322293209
5.13798740826
6.17236839952
3.19829354428
5.96238739838
1.98033895665
0.823874527559
7.19840959455
7.11790119084
8.46756709757
2.85500850197
5.83073906732
6.77203567996
5.61418831938
6.68444050433
2.60448162746
4.81002748391
7.49409958532
7.55900027361
7.38239013462
2.70536329068
7.83372485756
5.33059072317
8.91850059221
5.09685834614
4.74430832368
4.93865612733
5.96963428592
6.01580410535
5.19676096379
4.23887696117
7.68963629938
6.91008671252
6.18655269156
6.06238629717
3.30495230874
3.34314148921
9.08284610935
5.97260548124
9.83278802581
4.6558956523
3.80909304182
5.23075989172
1.70969073537
5.50971398688
2.21687997145
7.80286395409
1.70471017661
7.22001854253
7.14089956512
6.38034050574
7.51747923626
3.18978724106
3.21914395953
5.21970556143
2.43463016989
6.33593804148
1.46671599022
6.68351355462
4.72282188244
3.63105512554
6.57826488137
2.23511918665
6.47469962369
3.86452425325
8.33774777302
5.13239431126
5.58867623882
7.14593357062
5.15492161797
7.88876397778
4.87381672574
2.96891908663
3.78171794921
5.99661368272
6.05916963841
5.29914418616
4.48781576547
6.49010943458
3.443189183
2.5973290422
3.29862445025
6.40126510619
5.865408173
2.85535108856
4.23582160538
5.95137523936
2.7087286954
6.76568230937
3.43107870741
4.84602227896
3.53687630395
1.16601927121
1.67064417182
1.74959354673
1.49791871946
3.50292031174
1.29312185472
5.84298212505
0.723517429409
1.10440232849
3.45258648844
4.3109097334
4.73463670886
1.11866203433
8.4982763784
3.1712177509
4.99157352904
4.21225328283
3.64429547205
1.27959008202
5.7731833076
3.5731540471
1.25839609754
5.94612033734
4.56495459689
1.30866585237
4.81107281818
2.79655933462
1.17067172608
3.9114377417
5.41802842203
4.16128129735
2.92216554501
4.75207779945
1.82673323376
4.70886993118
4.11639069058
3.56975960005
3.52648510687
4.57724564245
3.90312518141
4.6539707218
2.58532662702
3.01955990283
4.59946225694
4.26009877627
1.47879126427
5.8507896938
4.97791220942
3.98574373259
4.01048625811
4.34383489675
3.44169774212
2.35193705689
5.45580407968
3.49610287478
2.04307110796
4.20808988867
4.63153263515
2.90744641169
4.69710774833
6.78032874081
1.06099794088
6.09784159886
1.84225807258
9.93623591597
1.73151041407
6.7430525089
2.25536887453
5.90373540196
1.12503779169
4.46002899365
3.21098496404
4.93566267462
2.80960266859
1.72235250634
4.21416806804
2.92906603426
1.32606069174
5.42221720725
1.27856521869
3.03313301604
3.69275701413
2.74496787514
3.33156276905
0.700502628194
3.10453417448
3.15963383488
3.61530403627
3.45302658443
17.4294994371
7.91312822676
8.01872731093
3.39453469257
3.75128546819
6.71889650933
6.51835838746
2.73049657065
5.27171988032
2.61621740428
10.3164315035
6.72010873307
2.81794320354
9.98822330595
4.07217765139
3.99056109946
3.00226122565
2.68158839231
7.52579180078
2.89571830885
3.24823523078
2.04063026993
2.20779215738
1.81097455859
5.76980606021
0.932345247537
5.86233185045
0.726497956156
5.35214021681
0.657478475198
0.97023805138
3.94485645504
1.70838415406
4.62576476816
1.94942246038
0.822928042992
1.0309090097
0.663200993254
3.62600932652
3.28073107018
0.791102210757
1.86460159205
1.04222585227
5.20551528686
0.574291664534
0.785613428333
0.896770871522
5.0290760369
1.99314197114
13.788529424
2.93144678431
5.87908041285
1.57774461446
2.29432695349
4.80846057922
2.30917694922
3.4884048714
1.32230140701
4.61901864421
4.67568845246
3.03447978408
4.6287593707
1.69948041893
0.524906720317
7.13712350672
3.8475290556
4.88857638169
2.08753493201
4.82515809495
4.93258177881
5.00313329935
5.02063114323
2.04368109935
4.09627015323
4.58379923934
5.83474770849
4.74175501652
2.31740475277
5.97246141954
1.59597940875
8.77868715193
3.16977159352
4.2097706945
3.81231331268
5.05231333625
5.66680839403
4.76322850424
1.98561033767
6.36848811863
4.44222914313
4.62970281202
3.827244366
3.01029716913
2.80427444096
7.40505279661
1.72207770258
6.86881355418
2.6921089399
3.51368091468
4.14257172832
1.60807648555
4.80063447002
2.29635376655
6.9617994466
0.972215350865
6.93884480509
3.84551908616
5.98030900607
4.07669315327
3.30569302437
3.23471478172
4.68459335137
2.02024041715
6.04369653731
1.3745452999
6.3707776325
4.14911708597
3.36149746164
5.8145205232
1.829935839
6.53003612977
1.86944664942
6.90747087286
4.03588895338
5.18241246421
4.62952562162
2.18715743319
6.40269224189
4.14426601632
2.93597440979
3.6574648372
3.71158847482
4.9659223339
3.50084732939
4.37482770375
5.74418919968
3.41233111119
2.54359526676
3.09947242652
5.95763100779
3.59728994425
2.64574962501
3.47734729742
5.47958304742
1.38725955508
7.16421526301
3.07574695132
4.61765634013
3.54082086106
1.12075831386
1.63938995284
1.66882537345
1.49903476072
3.36274561965
1.19652034465
5.68974924913
0.671569704997
1.0624014796
3.21996228941
4.19581133582
4.35103598772
1.16952517384
8.0945928152
3.06515045503
4.7208487714
4.09275592177
3.58130941348
1.25974753405
5.39979488829
3.45853583504
1.11772469428
5.47674148652
4.32670696833
1.22946330371
4.5211180906
2.78611729894
1.15953830267
3.43958582
5.34489518817
3.8970775776
2.91570400666
4.58337577666
1.78603840232
4.54387238056
3.84153560977
3.27147567235
3.47706598086
4.43594182605
3.6139714685
4.3727386076
2.62393106434
2.67502321616
4.20612736353
3.94711354304
1.25107591736
5.68344332295
4.60423747351
3.7297109923
3.63682778118
4.05434715164
3.01389412941
2.15045907649
5.07239939029
3.33662073086
1.07555321412
1.5885984852
1.703557346
1.72061828906
3.79774243563
1.83333876361
5.21393848322
1.14398231038
1.28886502232
3.40804963426
6.24472709214
5.87864336221
1.88205913074
6.46763542554
5.83365717641
6.58992974333
6.46227524448
4.23698159647
1.52732294581
5.83602309091
5.7637014198
1.30287164763
5.50738296021
6.82483698039
1.3713206548
4.64146459432
3.47910213937
1.44883747844
3.54505198466
6.32350549442
6.34878605332
3.32285528916
6.35866425432
2.0307187192
5.40244813071
5.93106997389
4.5199413643
4.01405453458
5.6512515265
4.70451870337
6.30868550617
3.25118480816
3.22873331473
4.52912196917
5.27402572885
1.706055446
5.28012190525
6.13728476935
5.27565547918
4.35094831245
4.88816767212
3.53453798023
2.68541357575
5.64846421776
3.87349991063
2.08127005736
4.62506724214
5.79695704106
3.91481917522
4.84041320548
9.15731174857
1.73257939936
6.85444202452
3.31726278613
8.03564733945
3.26381736089
6.71735992605
3.76357278201
5.29330287392
1.93548697021
4.5546316103
4.34386015267
4.90021694749
3.84107466691
2.05693785716
4.35182843055
3.75557170217
1.73922964393
5.18252505127
2.20163848512
3.26026930496
4.47183546126
3.3933829938
3.73007201746
0.785692851259
3.0697923648
3.7589315249
4.11485361559
4.30045649588
20.2035497837
5.97758916308
10.7515103914
5.84416997104
4.44000199593
7.39371770003
10.2812214265
4.26409342635
6.50454439033
4.37815087307
10.1718098058
10.5160467175
4.7473736811
10.2496758649
6.17340761642
4.67492097362
3.74544684301
3.35043197846
9.50707929982
5.60230029566
