50.6
48.4
47.8
50.6
55.4
48.0
53.0
51.4
52.4
54.2
48.4
51.2
51.6
51.2
51.2
49.4
47.6
48.8
49.2
53.0
50.0
49.4
51.8
53.6
47.6
52.2
53.4
48.0
48.8
46.2
54.6
51.0
53.2
48.8
50.8
50.8
51.2
49.6
51.6
50.4
50.2
48.2
52.0
55.0
47.2
50.6
53.6
48.0
48.4
49.6
49.0
53.0
47.4
54.4
55.8
46.0
51.6
52.8
51.8
53.8
49.4
49.2
50.0
46.2
50.2
52.4
51.2
48.2
53.6
45.2
48.6
50.6
44.6
49.8
51.4
43.2
49.4
47.4
48.2
44.8
52.2
42.6
51.0
47.8
49.4
47.8
48.0
46.4
44.0
30.8
52.6
46.6
51.6
52.6
52.8
43.2
52.8
52.4
54.6
47.2
51.4
52.6
48.8
51.8
54.0
51.4
46.6
40.6
53.8
51.2
46.0
49.6
46.4
33.0
32.6
8.2
42.6
42.6
44.4
43.2
43.8
46.2
43.8
48.6
47.2
32.0
46.8
53.6
48.4
49.8
43.0
43.8
47.8
40.0
47.0
41.8
52.2
5.6
44.0
24.2
42.6
43.8
43.6
36.2
45.8
54.0
40.0
21.2
50.6
47.8
37.4
45.0
29.2
44.4
14.0
37.4
40.2
45.6
35.0
24.8
28.4
46.6
39.0
32.4
52.6
43.6
49.4
24.6
44.8
37.8
48.4
28.4
36.8
40.2
46.2
42.2
36.6
48.6
47.8
51.8
56.2
44.8
50.0
42.6
38.0
52.0
48.8
25.0
27.8
55.6
41.6
31.6
32.6
42.2
36.4
44.2
48.0
41.8
49.4
38.4
38.4
49.8
42.6
30.2
36.6
39.6
28.2
32.6
31.6
34.6
23.4
28.8
34.8
47.6
32.0
18.8
24.6
48.2
39.8
42.8
46.4
52.4
37.2
22.4
48.4
49.2
48.4
42.2
38.4
33.0
49.6
39.8
19.6
22.8
2.8
39.0
15.2
11.8
39.2
15.0
19.2
21.8
4.4
8.0
22.6
19.6
16.2
32.0
21.4
4.4
42.6
28.2
19.2
26.4
50.0
24.0
39.0
39.0
42.8
7.0
22.0
14.2
46.0
42.4
41.8
25.0
34.2
38.4
53.8
53.4
47.0
30.2
28.8
44.8
45.4
36.0
48.0
11.8
22.0
40.6
44.2
38.0
47.4
19.4
52.0
24.2
49.4
48.6
10.8
33.6
16.6
61.4
22.2
23.4
20.6
30.4
47.4
48.6
5.8
48.4
48.2
9.0
45.8
50.0
35.6
42.0
48.2
29.8
10.6
46.0
20.0
38.4
46.4
15.4
33.0
46.8
49.4
45.6
26.2
34.6
46.8
47.0
28.4
27.2
55.2
25.2
31.2
33.8
42.4
41.2
40.6
51.2
27.4
42.8
46.4
35.0
46.0
45.0
23.6
12.6
50.8
47.2
44.0
15.0
45.6
13.2
53.2
15.0
50.0
35.6
41.2
25.2
40.6
49.0
34.0
38.8
50.0
15.8
51.6
37.6
36.6
38.2
43.8
52.2
40.2
38.8
25.4
22.2
48.4
13.6
30.2
38.0
44.4
25.0
22.6
43.4
28.0
48.4
30.6
14.8
49.0
45.2
47.6
39.4
40.0
20.8
16.8
43.4
22.6
34.6
21.8
48.6
16.8
53.0
14.2
61.4
14.2
32.6
58.8
35.2
46.6
28.8
45.4
47.6
45.8
51.8
29.4
40.0
47.8
38.4
59.4
16.4
22.4
33.8
61.6
43.4
28.6
48.0
41.4
39.8
44.8
54.2
36.6
41.0
23.6
46.0
34.4
35.8
33.4
34.4
42.4
52.6
42.0
40.6
45.0
53.2
49.6
20.2
54.4
46.2
52.2
49.8
42.8
35.8
49.0
45.2
52.0
47.6
32.4
42.4
46.8
45.8
36.8
40.2
51.6
53.0
37.0
50.2
50.8
45.0
49.4
48.4
52.8
50.4
51.0
51.4
51.4
36.6
51.6
36.4
48.8
40.4
50.4
48.2
47.8
45.4
40.0
49.0
50.6
45.4
49.6
39.6
50.8
32.4
44.0
42.8
36.8
50.0
51.2
43.4
31.2
35.0
50.8
53.8
44.0
30.0
50.0
49.0
50.2
47.2
50.8
50.6
39.2
36.8
47.4
46.2
41.8
47.8
44.8
47.0
36.6
41.2
48.6
8.0
42.2
43.8
54.4
51.8
48.8
46.2
47.8
22.4
52.4
25.2
42.4
49.4
14.0
34.2
12.2
57.4
6.6
31.4
20.0
37.4
47.8
48.0
12.6
47.2
48.2
17.2
44.4
47.0
35.6
36.2
50.2
33.2
16.4
45.8
22.2
43.4
44.6
18.8
33.0
47.0
44.8
36.8
20.6
38.0
40.2
45.4
27.2
28.4
55.8
33.4
22.8
41.6
39.8
41.4
37.8
48.4
37.8
40.4
45.2
41.0
46.6
43.8
27.0
12.4
47.2
15.8
57.2
13.8
45.4
15.0
53.6
13.4
50.6
35.2
45.2
26.4
43.2
49.4
35.4
34.2
49.4
15.8
49.0
39.4
38.4
37.8
44.4
53.2
42.2
41.4
30.4
24.0
50.2
21.2
21.2
36.2
45.0
24.6
19.2
40.4
25.0
51.2
21.4
28.8
48.2
27.6
51.2
37.2
32.6
25.6
14.2
42.8
19.0
30.0
18.0
51.0
14.8
53.4
10.4
63.0
13.6
28.0
60.6
37.0
47.2
31.2
35.6
43.0
42.2
54.0
30.6
35.0
45.4
28.6
61.6
13.0
16.4
32.2
65.8
44.8
27.6
42.6
41.6
27.8
39.8
57.0
32.4
40.4
23.0
48.0
25.8
37.0
23.4
20.0
29.6
59.8
14.8
20.2
45.2
52.0
41.6
20.2
47.4
42.2
54.0
41.2
43.2
20.6
52.0
45.2
27.0
54.2
10.4
43.2
39.8
40.2
35.4
39.4
47.8
52.6
12.2
42.4
44.0
45.0
50.0
45.4
41.0
50.6
34.4
51.8
45.2
34.0
50.0
38.4
48.0
19.0
52.2
30.2
47.4
21.4
43.6
50.0
46.6
42.2
50.0
36.6
51.6
28.2
43.8
43.4
26.2
54.2
24.6
47.8
22.8
34.8
39.4
47.0
44.8
25.4
50.2
48.8
46.6
43.8
41.2
55.4
35.6
36.8
47.4
44.8
42.4
32.4
41.8
44.6
36.6
12.6
58.0
4.0
42.8
46.2
56.4
53.6
49.8
46.6
48.2
22.2
52.8
25.2
40.6
49.2
15.6
32.8
12.4
57.0
7.6
31.6
21.4
37.0
47.2
47.2
13.0
47.0
47.8
19.0
43.8
48.8
36.6
34.8
48.6
36.8
16.8
45.8
21.0
44.0
44.2
19.2
34.4
47.4
45.0
36.4
20.8
38.8
40.4
46.6
27.6
30.0
55.2
33.6
24.4
41.4
40.0
40.4
40.4
49.0
39.6
54.0
51.4
52.4
53.2
54.0
51.4
48.2
50.8
54.0
52.6
47.6
50.2
51.0
45.4
50.4
51.8
50.6
46.8
55.6
51.0
47.8
54.2
48.0
49.0
49.4
50.2
48.2
51.6
50.4
47.2
48.8
52.6
46.4
50.4
54.4
48.4
52.2
54.0
57.0
51.6
45.6
49.8
52.0
50.4
46.6
51.4
51.6
49.8
47.0
50.8
50.2
49.2
52.4
54.4
47.4
47.4
51.2
54.2
57.2
49.2
48.8
52.0
53.6
53.2
49.2
53.0
49.0
49.8
50.0
48.0
52.6
52.6
46.8
48.8
53.4
52.6
50.2
54.4
48.6
50.6
55.0
50.2
52.2
47.4
55.2
56.2
53.2
50.8
46.4
43.2
56.2
47.0
56.2
51.4
50.0
54.6
51.4
52.2
55.2
51.4
51.6
57.6
51.2
54.2
58.4
51.0
52.0
46.4
54.6
