49.4
51.6
52.2
49.4
44.6
52.0
47.0
48.6
47.6
45.8
51.6
48.8
48.4
48.8
48.8
50.6
52.4
51.2
50.8
47.0
50.0
50.6
48.2
46.4
52.4
47.8
46.6
52.0
51.2
53.8
45.4
49.0
46.8
51.2
49.2
49.2
48.8
50.4
48.4
49.6
49.8
51.8
48.0
45.0
52.8
49.4
46.4
52.0
51.6
50.4
51.0
47.0
52.6
45.6
44.2
54.0
48.4
47.2
48.2
46.2
50.6
50.8
50.0
53.8
49.8
47.6
48.8
51.8
46.4
54.8
51.4
49.4
55.4
50.2
48.6
56.8
50.6
52.6
51.8
55.2
47.8
57.4
49.0
52.2
50.6
52.2
52.0
53.6
56.0
69.2
47.4
53.4
48.4
47.4
47.2
56.8
47.2
47.6
45.4
52.8
48.6
47.4
51.2
48.2
46.0
48.6
53.4
59.4
46.2
48.8
54.0
50.4
53.6
67.0
67.4
91.8
57.4
57.4
55.6
56.8
56.2
53.8
56.2
51.4
52.8
68.0
53.2
46.4
51.6
50.2
57.0
56.2
52.2
60.0
53.0
58.2
47.8
94.4
56.0
75.8
57.4
56.2
56.4
63.8
54.2
46.0
60.0
78.8
49.4
52.2
62.6
55.0
70.8
55.6
86.0
62.6
59.8
54.4
65.0
75.2
71.6
53.4
61.0
67.6
47.4
56.4
50.6
75.4
55.2
62.2
51.6
71.6
63.2
59.8
53.8
57.8
63.4
51.4
52.2
48.2
43.8
55.2
50.0
57.4
62.0
48.0
51.2
75.0
72.2
44.4
58.4
68.4
67.4
57.8
63.6
55.8
52.0
58.2
50.6
61.6
61.6
50.2
57.4
69.8
63.4
60.4
71.8
67.4
68.4
65.4
76.6
71.2
65.2
52.4
68.0
81.2
75.4
51.8
60.2
57.2
53.6
47.6
62.8
77.6
51.6
50.8
51.6
57.8
61.6
67.0
50.4
60.2
80.4
77.2
97.2
61.0
84.8
88.2
60.8
85.0
80.8
78.2
95.6
92.0
77.4
80.4
83.8
68.0
78.6
95.6
57.4
71.8
80.8
73.6
50.0
76.0
61.0
61.0
57.2
93.0
78.0
85.8
54.0
57.6
58.2
75.0
65.8
61.6
46.2
46.6
53.0
69.8
71.2
55.2
54.6
64.0
52.0
88.2
78.0
59.4
55.8
62.0
52.6
80.6
48.0
75.8
50.6
51.4
89.2
66.4
83.4
38.6
77.8
76.6
79.4
69.6
52.6
51.4
94.2
51.6
51.8
91.0
54.2
50.0
64.4
58.0
51.8
70.2
89.4
54.0
80.0
61.6
53.6
84.6
67.0
53.2
50.6
54.4
73.8
65.4
53.2
53.0
71.6
72.8
44.8
74.8
68.8
66.2
57.6
58.8
59.4
48.8
72.6
57.2
53.6
65.0
54.0
55.0
76.4
87.4
49.2
52.8
56.0
85.0
54.4
86.8
46.8
85.0
50.0
64.4
58.8
74.8
59.4
51.0
66.0
61.2
50.0
84.2
48.4
62.4
63.4
61.8
56.2
47.8
59.8
61.2
74.6
77.8
51.6
86.4
69.8
62.0
55.6
75.0
77.4
56.6
72.0
51.6
69.4
85.2
51.0
54.8
52.4
60.6
60.0
79.2
83.2
56.6
77.4
65.4
78.2
51.4
83.2
47.0
85.8
38.6
85.8
67.4
41.2
64.8
53.4
71.2
54.6
52.4
54.2
48.2
70.6
60.0
52.2
61.6
40.6
83.6
77.6
66.2
38.4
56.6
71.4
52.0
58.6
60.2
55.2
45.8
63.4
59.0
76.4
54.0
65.6
64.2
66.6
65.6
57.6
47.4
58.0
59.4
55.0
46.8
50.4
79.8
45.6
53.8
47.8
50.2
57.2
64.2
51.0
54.8
48.0
52.4
67.6
57.6
53.2
54.2
63.2
59.8
48.4
47.0
63.0
49.8
49.2
55.0
50.6
51.6
47.2
49.6
49.0
48.6
48.6
63.4
48.4
63.6
51.2
59.6
49.6
51.8
52.2
54.6
60.0
51.0
49.4
54.6
50.4
60.4
49.2
67.6
56.0
57.2
63.2
50.0
48.8
56.6
68.8
65.0
49.2
46.2
56.0
70.0
50.0
51.0
49.8
52.8
49.2
49.4
60.8
63.2
52.6
53.8
58.2
52.2
55.2
53.0
63.4
58.8
51.4
92.0
57.8
56.2
45.6
48.2
51.2
53.8
52.2
77.6
47.6
74.8
57.6
50.6
86.0
65.8
87.8
42.6
93.4
68.6
80.0
62.6
52.2
52.0
87.4
52.8
51.8
82.8
55.6
53.0
64.4
63.8
49.8
66.8
83.6
54.2
77.8
56.6
55.4
81.2
67.0
53.0
55.2
63.2
79.4
62.0
59.8
54.6
72.8
71.6
44.2
66.6
77.2
58.4
60.2
58.6
62.2
51.6
62.2
59.6
54.8
59.0
53.4
56.2
73.0
87.6
52.8
84.2
42.8
86.2
54.6
85.0
46.4
86.6
49.4
64.8
54.8
73.6
56.8
50.6
64.6
65.8
50.6
84.2
51.0
60.6
61.6
62.2
55.6
46.8
57.8
58.6
69.6
76.0
49.8
78.8
78.8
63.8
55.0
75.4
80.8
59.6
75.0
48.8
78.6
71.2
51.8
72.4
48.8
62.8
67.4
74.4
85.8
57.2
81.0
70.0
82.0
49.0
85.2
46.6
89.6
37.0
86.4
72.0
39.4
63.0
52.8
68.8
64.4
57.0
57.8
46.0
69.4
65.0
54.6
71.4
38.4
87.0
83.6
67.8
34.2
55.2
72.4
57.4
58.4
72.2
60.2
43.0
67.6
59.6
77.0
52.0
74.2
63.0
76.6
80.0
70.4
40.2
85.2
79.8
54.8
48.0
58.4
79.8
52.6
57.8
46.0
58.8
56.8
79.4
48.0
54.8
73.0
45.8
89.6
56.8
60.2
59.8
64.6
60.6
52.2
47.4
87.8
57.6
56.0
55.0
50.0
54.6
59.0
49.4
65.6
48.2
54.8
66.0
50.0
61.6
52.0
81.0
47.8
69.8
52.6
78.6
56.4
50.0
53.4
57.8
50.0
63.4
48.4
71.8
56.2
56.6
73.8
45.8
75.4
52.2
77.2
65.2
60.6
53.0
55.2
74.6
49.8
51.2
53.4
56.2
58.8
44.6
64.4
63.2
52.6
55.2
57.6
67.6
58.2
55.4
63.4
87.4
42.0
96.0
57.2
53.8
43.6
46.4
50.2
53.4
51.8
77.8
47.2
74.8
59.4
50.8
84.4
67.2
87.6
43.0
92.4
68.4
78.6
63.0
52.8
52.8
87.0
53.0
52.2
81.0
56.2
51.2
63.4
65.2
51.4
63.2
83.2
54.2
79.0
56.0
55.8
80.8
65.6
52.6
55.0
63.6
79.2
61.2
59.6
53.4
72.4
70.0
44.8
66.4
75.6
58.6
60.0
59.6
59.6
51.0
60.4
46.0
48.6
47.6
46.8
46.0
48.6
51.8
49.2
46.0
47.4
52.4
49.8
49.0
54.6
49.6
48.2
49.4
53.2
44.4
49.0
52.2
45.8
52.0
51.0
50.6
49.8
51.8
48.4
49.6
52.8
51.2
47.4
53.6
49.6
45.6
51.6
47.8
46.0
43.0
48.4
54.4
50.2
48.0
49.6
53.4
48.6
48.4
50.2
53.0
49.2
49.8
50.8
47.6
45.6
52.6
52.6
48.8
45.8
42.8
50.8
51.2
48.0
46.4
46.8
50.8
47.0
51.0
50.2
50.0
52.0
47.4
47.4
53.2
51.2
46.6
47.4
49.8
45.6
51.4
49.4
45.0
49.8
47.8
52.6
44.8
43.8
46.8
49.2
53.6
56.8
43.8
53.0
43.8
48.6
50.0
45.4
48.6
47.8
44.8
48.6
48.4
42.4
48.8
45.8
41.6
49.0
48.0
53.6
45.4
