37.500877555
40.0518355506
37.5551054793
34.3228326611
36.235696721
35.4673417623
31.4467685585
34.9189719325
30.6603844471
27.396530261
24.2026454929
29.835665531
28.027249942
29.802467346
30.2473438968
26.4432455555
26.1450300676
26.4231552127
25.9954491135
24.2706824567
22.5858909709
27.2749387151
26.9516389609
22.8075458812
26.6057132132
24.4898961376
22.2362135888
21.7300401992
20.5257534521
17.8319213562
19.6465306783
18.2016672792
25.2368943552
21.2102021886
21.3654615048
21.1801047928
19.5602332899
18.2537492494
18.9301020761
15.1711593205
16.025984738
12.8640398113
14.1703556216
13.3546587848
11.5092344015
10.1324452912
11.3075566666
11.2292018079
10.8185645647
10.9583746949
10.1837232648
9.88478418419
10.2774753927
7.79724155459
7.19013854094
9.26715857275
6.0364677324
8.35823185905
6.15058946012
7.59303193709
5.35997425863
5.5335233825
7.83985247133
4.85467707118
4.2347685411
7.01508298039
5.93760851584
5.4469484568
4.6622344665
3.27895343396
4.58169315711
5.6846651258
3.22349031156
5.29231920782
4.64988168034
5.21212793588
4.59130361224
4.69331669199
4.30975267615
2.95739687002
6.32548613334
5.99671292456
4.46305347631
4.83568719897
3.22561810405
4.29699316829
4.98496950582
3.58408394571
4.1300944654
21.4452196877
14.9833859204
14.1879464997
6.359104372
5.04559265059
9.20207418393
6.17725027217
5.73879981059
4.59015332912
4.44828728377
9.62357738306
6.21393575225
3.50956575069
7.61281029674
5.88424645657
4.27499968055
2.61876412353
2.83175245951
5.22120501164
6.72102901492
2.39140152092
2.81479152043
2.85074580108
1.88792467523
2.66689378536
2.12130551196
2.05288380502
2.23709194172
2.1217666094
2.1512609351
1.35138671793
1.62410727738
2.32106545136
2.47684349782
2.88179148811
2.4682226159
1.51439758669
1.0165770597
1.38148195621
2.71372724868
1.62931342104
1.36591384573
1.50927379942
2.2415422972
1.21722723805
1.1020904394
2.13087223863
1.87824119792
1.77546708617
15.2787146611
1.39761696038
5.32723097757
2.37639498901
2.30238469517
4.95614118865
3.7249849814
1.59369587443
0.908600893628
2.12277380639
3.7332188821
1.32468207213
3.60039073537
1.12940615054
4.2457880555
3.65229393889
4.2449485818
3.33716585205
0.90565708202
3.8994510947
2.44572860556
2.07426099839
2.82445460773
1.66248703505
2.5428506083
2.52836814592
2.70808666645
2.6069447578
1.82885536026
2.96503435691
1.74282255624
3.29558910588
2.62340153529
2.58831603868
1.53986419085
2.74751876804
2.12394283337
2.23309018579
1.53615457949
2.33295665352
1.76083578156
1.92834506543
2.1122621548
2.26164316217
2.26436264737
1.98811166262
1.77293141707
2.55152661081
2.00002009433
2.28428614794
2.22118016384
1.85678175139
1.99065203421
1.74994188027
1.47668769706
1.89003858385
2.71752594811
2.4230377437
2.33517174456
2.70328925312
1.8970354539
1.67585540567
2.64611833844
1.15923509797
3.37038445658
1.36080368564
3.87151841175
3.39727234998
1.52420713908
3.61679563222
1.11459541797
2.79120670265
0.909553534182
3.96662040782
2.59051088919
3.02094413986
3.14641353525
1.39878334745
3.4693946059
3.19790442588
1.58197871901
2.47370596993
1.86312474594
2.77819278735
2.15776316179
3.77909075893
3.52241738717
2.63620544462
1.5353383973
2.15502346846
2.97893975684
2.71509611964
1.59553505852
2.41963239982
3.09158894206
2.01241037249
2.58584659793
2.37077397388
3.08343482117
1.76545588345
1.76469486079
1.60943961621
2.03681820987
1.24865231606
1.9330159373
4.88712324169
2.42347751158
1.90798371077
1.6905203929
2.39067378983
1.78700219044
3.72322151455
1.24302184531
2.34451807757
1.85644222228
1.57911818482
2.17959441723
1.08621888558
2.86634605739
1.54728151267
1.18080494962
1.81384883065
1.16520485075
2.08385969655
1.75680007666
1.25509672341
1.29718034024
1.48076426722
1.46595341964
1.5123680193
1.8597285641
1.35994154229
2.61515721115
0.850348440059
4.98656673885
1.4250306194
1.86441024707
2.98298437968
1.8712358987
1.7211960127
1.51711849564
1.16517523609
0.868332603659
1.70353999312
0.877467054857
1.11005866458
1.50123177598
1.52265730607
1.42749774503
1.55265223122
1.50535223866
1.41706869297
1.30077335331
1.80561763467
1.09366844299
1.42542700253
1.26357802056
1.25617832907
1.98732034563
1.09476907081
1.48480049479
0.80212966868
1.92827089351
0.966990243262
1.42970399637
1.44013701406
1.45902265112
1.11065477888
1.35578530882
0.70015214333
0.932797077612
1.72229829889
1.10504511788
0.930007666993
0.924070213949
0.591180986295
0.591642705963
1.19578999102
1.5028017451
0.680042853354
1.63316699419
1.11002946743
1.26942243778
0.939399115563
0.879850979749
1.20549717363
1.14875689568
0.881485648222
1.11427650117
24.6724244644
5.68135615174
5.85748096407
1.43333800547
1.47923118715
5.14196045884
3.33628310204
2.78778585991
0.935360304423
1.05833660252
6.14835265892
1.55070395631
1.56608078949
6.02985398165
3.81291602487
3.01307082282
0.747544315704
0.899955487774
4.22329662966
3.90869363173
0.663603443211
1.23459724748
0.842709919551
0.824204608357
1.88987395639
1.1133020094
2.5362265936
0.928295397499
1.33556218395
0.704782137312
0.903521677976
0.878741970807
0.911962100021
1.48272645271
1.30831220033
0.983800146397
0.638591070771
0.668558608728
0.738401430956
2.07165262442
0.624582830524
0.83096446086
0.837309696729
2.01472123695
0.667120542108
0.620914643992
1.21048611247
1.43938482392
1.06723134824
15.8674957863
0.311552242434
3.99195738486
0.608778052863
1.00665568489
3.6398917044
2.26289791738
0.950918962941
0.501297544913
1.35922987806
2.86138385732
0.523576734858
3.08293131658
0.500868791945
3.37392157425
2.56678465527
3.11336690607
2.56304612927
0.50903922318
2.20066563105
1.60692619977
1.51343467218
1.41929498194
0.939496479443
1.8031483366
1.51416868454
2.03460918778
1.46408280673
0.995867632872
1.92837730729
0.847653199076
2.43093574178
1.65189926171
1.37592524868
0.753476576394
1.9619068141
1.37000470804
1.78007435477
1.13658701988
1.68060252177
1.28585211911
1.46475845492
1.78348898985
1.83358219523
1.57917980454
1.41848521412
1.33020612971
1.98044073517
1.24274319857
1.73195935201
1.61617041269
1.23049254822
1.53426927152
1.22802664432
1.14533238284
1.23116208674
2.350992565
1.94415593044
2.01315981445
2.26964856418
1.3791894241
1.17624148423
2.16897691926
0.717070990197
2.56324153188
0.863670871837
3.46882954286
2.42356630895
0.895330358961
3.12020419869
0.529500151031
2.3947520595
0.551592793313
3.27425076101
2.35421981177
2.80843364516
2.67397167497
0.805876978468
3.00385683889
2.60152283877
0.65024080454
1.47317324417
1.28147624904
2.37617100081
1.93024608739
1.87849703916
3.0391072492
2.31612131553
0.891962028465
1.35531336515
2.54144284977
2.34356459401
1.17481020136
1.96948353182
2.60970364719
0.786824207069
2.45358075796
2.39634295346
2.52400434341
1.29114664734
0.892668290781
0.92153003169
1.77266262026
0.904588761417
1.33828759166
4.92493553955
1.06399156684
1.35428814739
0.996081176076
2.06215158977
1.45912512688
1.93794274629
1.19362285492
1.98293987776
1.28540395775
1.25259054159
2.03467369468
0.844004041696
2.27817739091
1.41593172643
0.994232595155
1.70699875028
0.934612177701
1.68493299446
1.67947379592
1.07750227101
1.01965823016
1.234621864
1.2266039605
1.31178080872
1.67383276311
1.26104420949
2.30169146685
0.715030019285
3.17018713702
1.25305885926
1.43344302498
1.57467142891
1.46105512348
1.18254353575
1.07105970437
0.964548286548
0.719187809225
1.43811480661
0.661240707672
0.759912871916
1.15181981416
1.327728854
1.19388560959
1.25211941687
1.42902875543
1.25976390329
1.10946293845
1.59262246086
0.831373276637
1.25565429396
1.10049316113
1.11358917591
1.86277525673
0.904449943956
1.28974899849
0.694212591064
1.76072103651
0.936149151641
1.29772482651
1.2760702077
1.2878193196
0.972560391404
1.18693034802
0.684754322835
0.88710925658
1.51715384252
1.01876449116
0.855135589476
0.84038100493
0.552273150336
0.525967717912
0.970744404672
1.3631467066
0.632045184937
1.46074681115
1.11391505497
1.17788198158
0.840463854372
0.852647232167
1.07580501971
1.05609876833
0.817915956002
1.01792888309
25.0418866907
4.33711236173
5.08581017004
1.47196277828
1.46484629499
4.86608400828
3.26283964739
2.81085586978
0.8718022723
1.0623954365
6.158629984
1.60052898499
1.45172368666
5.81620890406
3.75692501282
3.01675987973
0.69140477347
0.792097278319
4.39079602588
3.49150308087
0.571412136754
1.21499294988
0.812356434308
0.71648115954
1.93453179458
0.992562877489
2.53841455878
0.97646980111
1.31692658446
0.635275639153
0.875953960977
0.837517120007
0.838815890621
1.46297121372
1.23887036606
0.911272032588
0.60519523724
0.556134944478
0.677600344606
2.07054476313
0.571404977144
0.846616842722
0.772167737856
2.14124504622
0.630583297468
0.547378006961
1.07150436705
1.39254283358
1.02746273702
15.8184220027
0.289196572904
3.97182752198
0.606244033854
0.428556058944
1.10306648384
1.72245749198
1.05591252265
1.53316071315
4.27740462957
1.03225404993
1.21382609428
0.874660986931
1.88407497643
1.54772149565
1.88405528197
1.18381990617
1.83733288361
1.23750993826
1.24704775738
1.99909992768
0.806287569348
2.0277049604
1.32586404798
0.970912168319
1.61928906541
0.908694722531
1.44349688623
1.60807816677
0.975663069405
0.966993458073
1.15549310681
1.11995631271
1.20827360953
1.51351011837
1.17593906947
2.13110669592
0.681112928997
1.81789653745
1.23589227141
1.34569653645
1.54579847038
1.26372985109
1.12307493265
0.99762348068
0.890234387736
0.720431853954
1.36563064656
0.60293502939
0.710693600217
1.01608878834
1.27212670353
1.10092950907
1.09302368295
1.31822063454
1.15199498486
1.06097356347
1.45250365541
0.721943644966
1.15234468551
1.01215497235
1.06611409203
1.79804549348
0.852866613601
1.24451089755
0.663676391898
1.64565690485
0.929714924512
1.22750827552
1.22848348751
1.23524729752
0.94317451067
1.08401170052
0.685209008474
0.844341859616
1.22732581461
0.985757982101
0.803955263639
0.794925676657
0.514327459356
0.491923989279
0.903680200409
1.26131823153
0.61037292237
1.38020583287
1.10055187772
1.15201406852
0.785164577007
0.822290111446
1.01035546486
0.979721241708
0.78468670383
0.976035286756
24.6911530178
4.0175784551
4.99652694609
1.45698762055
1.40457584107
4.65586628129
3.25425330643
2.78222001602
0.858298359056
0.842387419508
5.87800067192
1.5954923548
1.4367471721
5.49349709597
3.76884603803
2.71594686414
0.672759751308
0.744712818523
4.20385415685
3.43968287462
0.524058030239
1.19638771365
0.80790211515
0.707625270545
1.74374408469
0.803065210641
2.57839711306
0.945543138927
1.14022312771
0.617094386529
0.822895686036
0.61973464314
0.810777805394
1.22833604945
0.951950929603
0.841559512862
0.562569790588
0.523275019957
0.62777372955
1.98678200124
0.479305446257
0.800944330647
0.665717294511
2.09052181731
0.544366835835
0.436193189603
0.921084894963
1.32032382842
0.973329564668
15.8073109271
0.25328426251
3.76796600966
0.547164044854
0.825996345687
3.50274414531
2.02574848086
0.792670220201
0.439451558329
1.10697761441
2.63932978163
0.470037728511
2.99135875818
0.466462980528
2.35950092098
2.4974920161
3.03981142732
2.51696119018
0.444984170018
1.67184028671
1.12616563428
1.34565994585
0.909905825013
0.615978589685
1.54420531053
1.28332140587
1.77997103339
1.32427778878
0.879345430517
1.63701611314
0.50166483803
2.09402361408
1.46227404015
1.17234942904
0.527958992373
1.73263130845
1.14866540117
1.53914343524
0.781885505321
1.41861565444
1.11566985647
1.00791969453
1.25298073695
1.29465051236
1.10750189135
1.19440290995
0.948784662468
1.65092098659
0.832605776318
1.38584655239
1.0682851324
0.908243691762
0.95129715935
0.962499066155
0.944749970849
0.865516056637
1.74115779684
1.78346542869
1.97204738968
1.64837954925
1.31873606563
0.968228497114
2.15377691481
0.585125618158
1.83869376007
0.820562374549
2.75776684956
1.89894073856
0.879175392097
2.42499530725
0.430031303464
1.60594671202
0.471594094489
2.45628595221
1.78780279586
2.22386041899
2.05944119228
0.705643520833
2.34756071196
2.02266128226
0.538475688154
0.905595848748
0.613566467717
2.3041290457
1.76653601536
1.04869087359
2.31621921508
1.57442434434
0.822737258963
0.536116868788
2.02538425509
1.75271065497
0.5743665805
1.84951790679
1.89667331299
0.643044463054
1.92242350716
2.00263183827
1.7562681129
1.25788639249
0.644321910154
0.795001780074
1.38653493513
0.706500052305
1.1475409588
2.82821620434
0.894432421767
1.08761199008
0.70960935733
1.69180759971
1.48357420862
1.69935210448
1.20559577297
1.69491577014
1.04617735419
1.05319963499
1.88485690361
0.703780925826
1.80954216786
