50.4
47.4
52.0
48.2
53.0
45.6
53.6
48.0
47.2
52.2
49.0
48.2
50.2
48.6
52.8
53.2
50.8
48.8
49.2
52.2
54.8
51.2
52.4
48.2
53.0
53.2
52.2
48.0
49.6
51.6
50.6
53.2
48.4
51.6
53.4
52.2
52.2
54.8
53.4
54.8
46.0
47.6
48.2
50.8
50.6
50.0
54.6
52.4
49.2
49.4
51.8
51.2
53.0
48.2
53.4
51.6
54.4
50.4
55.4
53.6
49.4
53.8
54.4
54.4
48.6
51.2
54.6
50.6
52.6
50.0
54.2
54.4
47.0
54.0
51.2
52.8
50.0
49.6
51.0
51.0
52.4
49.4
53.0
46.8
55.0
51.2
50.2
50.6
51.2
33.4
52.6
49.0
53.6
49.0
51.6
47.2
45.4
52.6
51.0
51.8
50.0
52.0
51.2
52.2
48.6
51.4
52.4
45.6
50.2
47.2
50.6
49.0
43.8
53.4
44.0
45.2
51.8
46.0
47.2
48.6
50.6
46.6
49.4
53.6
46.8
48.2
45.6
53.4
51.6
46.8
45.8
44.0
54.8
41.4
44.0
50.2
53.6
53.4
40.8
49.6
51.8
45.6
41.6
55.2
48.4
48.0
45.6
55.4
50.8
48.4
51.2
45.4
46.8
52.0
52.2
42.4
54.0
53.2
53.0
47.6
50.4
51.6
53.4
51.2
52.2
51.0
52.4
51.0
49.2
47.4
49.0
53.6
48.8
53.4
51.0
50.2
50.6
53.6
44.8
52.8
53.4
50.6
48.8
50.4
50.8
52.4
48.8
50.0
51.6
51.0
51.0
52.4
50.8
52.2
52.8
46.2
52.8
49.2
48.2
50.8
48.8
47.6
53.8
50.4
51.6
51.2
50.4
49.8
50.6
54.4
42.8
49.8
49.8
51.6
52.2
55.0
46.0
49.8
52.4
53.0
50.6
51.6
53.0
56.8
52.4
49.2
48.0
52.4
47.8
51.6
44.0
50.6
52.2
46.6
49.4
44.0
53.8
50.8
53.8
51.2
49.4
44.8
52.0
47.8
48.6
54.0
51.2
51.4
44.4
48.8
45.2
52.0
51.0
53.8
53.0
48.4
54.0
51.6
49.0
51.4
51.0
51.6
47.8
49.8
52.4
52.4
52.6
53.4
50.4
54.4
47.2
48.8
46.8
45.6
53.6
50.4
52.4
52.6
45.6
49.6
50.0
46.0
49.4
50.2
54.0
46.8
47.0
50.2
50.8
57.6
51.6
50.4
51.8
52.4
50.0
54.8
50.0
52.0
51.6
49.0
56.4
46.0
52.2
46.8
52.8
41.8
49.0
41.0
51.6
53.2
51.8
56.6
54.4
51.2
51.6
47.2
51.6
44.6
48.0
46.8
49.6
48.0
55.6
48.2
47.8
49.4
48.4
36.4
48.0
48.2
49.0
46.4
52.6
45.6
45.2
41.4
42.8
54.2
41.2
49.2
55.0
48.2
48.0
47.4
45.8
48.8
46.8
43.6
42.4
39.2
42.2
53.0
37.8
45.0
42.8
49.6
41.6
43.8
52.0
42.2
52.2
51.2
44.8
41.6
46.6
53.4
53.6
41.6
44.4
41.6
56.8
33.4
37.4
48.0
60.0
49.6
41.8
23.4
55.0
33.4
41.6
53.8
44.4
43.2
43.2
54.8
55.8
43.8
57.2
30.2
49.4
54.2
54.6
41.6
52.4
57.0
51.4
50.8
49.4
54.0
52.2
50.4
49.8
43.2
57.6
48.4
54.4
47.4
46.2
50.4
46.8
51.4
49.2
50.6
51.0
52.0
41.6
50.0
54.8
51.6
49.2
47.0
49.8
53.0
50.2
55.2
50.8
51.0
53.4
48.6
48.8
50.4
52.4
46.0
54.6
46.2
45.0
53.2
49.2
48.8
54.6
48.4
51.4
47.8
48.2
48.6
48.0
55.6
45.2
51.8
49.8
52.0
50.6
49.0
46.8
48.2
50.6
49.4
49.8
50.8
53.2
55.4
49.8
51.0
50.4
48.8
48.6
49.0
42.8
54.6
52.2
44.0
52.4
44.4
49.6
48.8
53.8
49.0
53.2
44.8
48.6
48.4
50.8
50.6
49.0
51.8
46.4
48.4
43.4
48.4
45.0
50.8
50.6
48.6
54.2
52.6
49.2
52.6
51.4
53.6
48.4
51.0
50.8
51.4
53.4
55.0
51.0
55.6
48.6
49.4
47.8
45.6
52.6
52.0
51.8
50.2
47.0
50.8
53.8
48.0
47.2
49.6
53.4
48.8
45.8
48.6
52.6
58.2
50.6
51.2
51.4
51.4
51.0
55.4
51.0
49.0
48.8
48.8
57.2
45.6
50.6
46.4
51.6
40.4
48.6
40.2
53.2
52.0
50.6
56.8
54.4
52.2
50.4
46.6
52.4
42.8
47.6
47.2
49.6
48.4
55.6
47.6
48.2
49.0
48.8
35.4
40.0
45.2
47.8
45.4
50.2
44.4
45.6
39.4
42.6
54.6
44.2
45.0
54.2
47.6
49.4
46.4
44.4
50.8
43.0
40.4
43.2
36.0
41.6
54.8
37.0
43.0
39.6
50.6
36.6
41.6
53.4
42.6
53.0
50.8
44.6
41.4
45.0
54.2
54.2
40.4
45.6
38.8
59.8
30.6
33.0
46.4
60.4
49.4
41.4
22.4
56.2
32.6
19.6
39.2
47.2
37.4
48.4
46.4
50.0
47.8
44.4
51.6
50.8
47.6
38.6
50.4
46.4
51.4
51.6
47.4
53.6
51.0
49.2
52.6
52.6
52.8
47.8
48.6
50.4
50.6
53.4
54.8
51.4
54.0
48.2
50.2
46.6
47.0
53.4
52.2
49.4
52.6
45.2
50.0
52.2
48.2
47.4
49.8
52.6
49.6
46.2
48.6
52.2
58.0
51.6
49.8
49.6
51.4
51.0
56.0
51.0
49.2
48.6
48.8
57.4
46.0
49.6
46.8
52.0
40.6
48.2
39.6
53.0
51.8
50.8
56.2
52.8
52.0
50.6
45.8
52.8
40.6
48.0
47.6
50.0
49.4
55.6
48.0
47.6
49.6
49.0
36.6
38.8
46.6
48.0
44.4
50.4
44.4
45.4
39.8
42.0
54.6
44.0
44.8
54.0
47.8
49.0
46.0
43.8
51.6
43.0
40.0
42.8
35.0
40.6
54.2
38.0
46.4
36.2
52.4
34.2
41.0
54.2
43.0
53.4
50.0
44.8
39.6
44.6
54.2
53.4
40.6
44.8
37.2
60.8
30.0
29.0
45.8
61.8
50.4
41.8
21.2
55.8
32.0
39.8
57.0
43.8
40.4
39.8
55.0
56.4
42.0
59.0
25.6
49.0
55.8
56.4
42.8
50.0
56.0
51.4
52.6
49.0
51.6
52.6
50.8
49.4
45.6
56.4
47.2
53.2
47.6
47.8
50.8
46.4
52.2
49.2
51.8
50.8
53.2
42.6
51.0
55.2
51.4
51.4
47.6
50.0
53.6
49.0
57.0
51.2
53.6
52.2
49.4
47.8
49.8
51.8
44.2
55.2
44.2
43.6
53.4
51.6
49.2
53.2
49.0
51.4
48.2
50.2
48.2
48.2
54.4
47.2
50.0
49.6
52.6
50.0
48.8
47.0
47.4
51.0
50.8
50.0
51.2
51.8
54.0
50.6
51.0
50.4
49.4
50.4
51.2
43.8
55.6
52.0
43.8
57.6
42.8
47.4
50.4
58.2
50.6
52.4
44.0
50.8
47.6
50.2
51.0
49.0
52.8
48.8
47.2
42.4
48.0
43.8
50.4
50.8
47.0
54.6
