49.6
52.6
48.0
51.8
47.0
54.4
46.4
52.0
52.8
47.8
51.0
51.8
49.8
51.4
47.2
46.8
49.2
51.2
50.8
47.8
45.2
48.8
47.6
51.8
47.0
46.8
47.8
52.0
50.4
48.4
49.4
46.8
51.6
48.4
46.6
47.8
47.8
45.2
46.6
45.2
54.0
52.4
51.8
49.2
49.4
50.0
45.4
47.6
50.8
50.6
48.2
48.8
47.0
51.8
46.6
48.4
45.6
49.6
44.6
46.4
50.6
46.2
45.6
45.6
51.4
48.8
45.4
49.4
47.4
50.0
45.8
45.6
53.0
46.0
48.8
47.2
50.0
50.4
49.0
49.0
47.6
50.6
47.0
53.2
45.0
48.8
49.8
49.4
48.8
66.6
47.4
51.0
46.4
51.0
48.4
52.8
54.6
47.4
49.0
48.2
50.0
48.0
48.8
47.8
51.4
48.6
47.6
54.4
49.8
52.8
49.4
51.0
56.2
46.6
56.0
54.8
48.2
54.0
52.8
51.4
49.4
53.4
50.6
46.4
53.2
51.8
54.4
46.6
48.4
53.2
54.2
56.0
45.2
58.6
56.0
49.8
46.4
46.6
59.2
50.4
48.2
54.4
58.4
44.8
51.6
52.0
54.4
44.6
49.2
51.6
48.8
54.6
53.2
48.0
47.8
57.6
46.0
46.8
47.0
52.4
49.6
48.4
46.6
48.8
47.8
49.0
47.6
49.0
50.8
52.6
51.0
46.4
51.2
46.6
49.0
49.8
49.4
46.4
55.2
47.2
46.6
49.4
51.2
49.6
49.2
47.6
51.2
50.0
48.4
49.0
49.0
47.6
49.2
47.8
47.2
53.8
47.2
50.8
51.8
49.2
51.2
52.4
46.2
49.6
48.4
48.8
49.6
50.2
49.4
45.6
57.2
50.2
50.2
48.4
47.8
45.0
54.0
50.2
47.6
47.0
49.4
48.4
47.0
43.2
47.6
50.8
52.0
47.6
52.2
48.4
56.0
49.4
47.8
53.4
50.6
56.0
46.2
49.2
46.2
48.8
50.6
55.2
48.0
52.2
51.4
46.0
48.8
48.6
55.6
51.2
54.8
48.0
49.0
46.2
47.0
51.6
46.0
48.4
51.0
48.6
49.0
48.4
52.2
50.2
47.6
47.6
47.4
46.6
49.6
45.6
52.8
51.2
53.2
54.4
46.4
49.6
47.6
47.4
54.4
50.4
50.0
54.0
50.6
49.8
46.0
53.2
53.0
49.8
49.2
42.4
48.4
49.6
48.2
47.6
50.0
45.2
50.0
48.0
48.4
51.0
43.6
54.0
47.8
53.2
47.2
58.2
51.0
59.0
48.4
46.8
48.2
43.4
45.6
48.8
48.4
52.8
48.4
55.4
52.0
53.2
50.4
52.0
44.4
51.8
52.2
50.6
51.6
63.6
52.0
51.8
51.0
53.6
47.4
54.4
54.8
58.6
57.2
45.8
58.8
50.8
45.0
51.8
52.0
52.6
54.2
51.2
53.2
56.4
57.6
60.8
57.8
47.0
62.2
55.0
57.2
50.4
58.4
56.2
48.0
57.8
47.8
48.8
55.2
58.4
53.4
46.6
46.4
58.4
55.6
58.4
43.2
66.6
62.6
52.0
40.0
50.4
58.2
76.6
45.0
66.6
58.4
46.2
55.6
56.8
56.8
45.2
44.2
56.2
42.8
69.8
50.6
45.8
45.4
58.4
47.6
43.0
48.6
49.2
50.6
46.0
47.8
49.6
50.2
56.8
42.4
51.6
45.6
52.6
53.8
49.6
53.2
48.6
50.8
49.4
49.0
48.0
58.4
50.0
45.2
48.4
50.8
53.0
50.2
47.0
49.8
44.8
49.2
49.0
46.6
51.4
51.2
49.6
47.6
54.0
45.4
53.8
55.0
46.8
50.8
51.2
45.4
51.6
48.6
52.2
51.8
51.4
52.0
44.4
54.8
48.2
50.2
48.0
49.4
51.0
53.2
51.8
49.4
50.6
50.2
49.2
46.8
44.6
50.2
49.0
49.6
51.2
51.4
51.0
57.2
45.4
47.8
56.0
47.6
55.6
50.4
51.2
46.2
51.0
46.8
55.2
51.4
51.6
49.2
49.4
51.0
48.2
53.6
51.6
56.6
51.6
55.0
49.2
49.4
51.4
45.8
47.4
50.8
47.4
48.6
46.4
51.6
49.0
49.2
48.6
46.6
45.0
49.0
44.4
51.4
50.6
52.2
54.4
47.4
48.0
48.2
49.8
53.0
49.2
46.2
52.0
52.8
50.4
46.6
51.2
54.2
51.4
47.4
41.8
49.4
48.8
48.6
48.6
49.0
44.6
49.0
51.0
51.2
51.2
42.8
54.4
49.4
53.6
48.4
59.6
51.4
59.8
46.8
48.0
49.4
43.2
45.6
47.8
49.6
53.4
47.6
57.2
52.4
52.8
50.4
51.6
44.4
52.4
51.8
51.0
51.2
64.6
60.0
54.8
52.2
54.6
49.8
55.6
54.4
60.6
57.4
45.4
55.8
55.0
45.8
52.4
50.6
53.6
55.6
49.2
57.0
59.6
56.8
64.0
58.4
45.2
63.0
57.0
60.4
49.4
63.4
58.4
46.6
57.4
47.0
49.2
55.4
58.6
55.0
45.8
45.8
59.6
54.4
61.2
40.2
69.4
67.0
53.6
39.6
50.6
58.6
77.6
43.8
67.4
80.4
60.8
52.8
62.6
51.6
53.6
50.0
52.2
55.6
48.4
49.2
52.4
61.4
49.6
53.6
48.6
48.4
52.6
46.4
49.0
50.8
47.4
47.4
47.2
52.2
51.4
49.6
49.4
46.6
45.2
48.6
46.0
51.8
49.8
53.4
53.0
46.6
47.8
50.6
47.4
54.8
50.0
47.8
51.8
52.6
50.2
47.4
50.4
53.8
51.4
47.8
42.0
48.4
50.2
50.4
48.6
49.0
44.0
49.0
50.8
51.4
51.2
42.6
54.0
50.4
53.2
48.0
59.4
51.8
60.4
47.0
48.2
49.2
43.8
47.2
48.0
49.4
54.2
47.2
59.4
52.0
52.4
50.0
50.6
44.4
52.0
52.4
50.4
51.0
63.4
61.2
53.4
52.0
55.6
49.6
55.6
54.6
60.2
58.0
45.4
56.0
55.2
46.0
52.2
51.0
54.0
56.2
48.4
57.0
60.0
57.2
65.0
59.4
45.8
62.0
53.6
63.8
47.6
65.8
59.0
45.8
57.0
46.6
50.0
55.2
60.4
55.4
45.8
46.6
59.4
55.2
62.8
39.2
70.0
71.0
54.2
38.2
49.6
58.2
78.8
44.2
68.0
60.2
43.0
56.2
59.6
60.2
45.0
43.6
58.0
41.0
74.4
51.0
44.2
43.6
57.2
50.0
44.0
48.6
47.4
51.0
48.4
47.4
49.2
50.6
54.4
43.6
52.8
46.8
52.4
52.2
49.2
53.6
47.8
50.8
48.2
49.2
46.8
57.4
49.0
44.8
48.6
48.6
52.4
50.0
46.4
51.0
43.0
48.8
46.4
47.8
50.6
52.2
50.2
48.2
55.8
44.8
55.8
56.4
46.6
48.4
50.8
46.8
51.0
48.6
51.8
49.8
51.8
51.8
45.6
52.8
50.0
50.4
47.4
50.0
51.2
53.0
52.6
49.0
49.2
50.0
48.8
48.2
46.0
49.4
49.0
49.6
50.6
49.6
48.8
56.2
44.4
48.0
56.2
42.4
57.2
52.6
49.6
41.8
49.4
47.6
56.0
49.2
52.4
49.8
49.0
51.0
47.2
51.2
52.8
57.6
52.0
56.2
49.6
49.2
53.0
45.4
